32

INDEX RERVM ET VERBORVM

μακάριοέ5, (18.) 14. 18. 8, 8. 8. πατήρ [1, 8.] 4, 9. 11. 3, 1ο.18,

9, 9. 15, 1. 8
μετάνοια 7, 12
μετεωρίζω 7, 3
μή 5, 11. 10, 15
μήν (5, 12. 12, 1)
μήτε 5, 11. 12. 7, 3. 3
μιᾷ τῶν ἡμερῶν 4,’ 2
μίαν 5, 14
μίλιον 10, 6
μισητής 10, 12
μισόκαλος 1 1,· 3
Μιχαήλ 1, [3.] 7. 3, 2.(

10.12. 16. 5, 1.(6,

4..4
1418,
11,11.18,8..7.13(1)

13. 17

πειρασμός 10, 14
πέτρα 12, 5. 7. 14, 18. 18, 1. 2. 3 <
πιστεύω 3, 14. 4, 1. 5. 7. 13, 11.

15, 13. 16

Ι πιστός5, 8
πλημμύρα (12 3. 13, 1. 7)
πνεῦμα4, 10. cet. efluunt-159. 18, 11

πνευματικός 7, 5

ποιέω2, 14. 3, 2. 13, 8. (15, 14)-
πρεσβεία4, 12.[6,13.]8,11.13,13
)84, 3. πρίν (πρινή)2, 12. 14, 19
11. προανάγω 12, 7
15, 3. πρός 7, 10.18. 12, 15. 16. (14, 4)

< )10 13 (16)18 4. 7. 17, '15. npmupsoe, 14.),7 18
18, 14,(15. 194) Mt 8ο, 3. 88, προσμονάρως [1 8.]5, 9. 13, 3. 14,

5.,..2371117.,.2811’0
μυριότροπος (11, 2)
Μωυσῆς 17, 13
ναός (1, 3.) 12, (1.) 7
ξηροκοιτία 7, 11

ὀκαί13, 3. 14, 8

’ ὄγκ1α5, 15

οἶκος [1, 3.(] (,4 17) 13, 14
ὄπιθεν 12, 8

8..,.,..’,19(15151784)184..

(19, 3)
mamm, 14 18

18313 11 3

σάκκος 6, 1. 2. 4. 7

σεβαστός 2, 16
σθένω (12, 1)
σταυρός 8,17
στεναγμός 7,12

ὅρος10, 8. 12, 10. ὅρη13, 2. 14, 6. στρατιάρχης (3 4. 13, 17)

16,16.17,3

ὅσιος (6, 8.) 8, 19. 15, (1. 5.)
16. (16, 5.) '17, 11. 12. 18, 5.

οὐ 9, 5. 6. (13, 10)

οὔ μή 4, 5. 8, 4. 13, 10.13.15,14.

οὖν (2, 7. 16.) 3, 5. 9. (4, 16.6, 8.
11, 15. 12, 8.)13, (16.) 17. (14,
4.) 16, (6.) 13. (14. 17, 12)

οὔτε (13, 14)

οὕτως 5, 2. (10.) 6, 4. 9, 4. 12, -12

ὄφις 2, 4

παιδίον 4, (4. 6.) 14. 5, 7
παῖς 4, 4. 6. 14

πάνσεπτος [1, 3]

παράληψις 13, .19. 14, 4
παραμονάριος (14, 19)
παρίστημι (4, 2.) 16, 8. 14
παρουσία (1, 6)

παρρησία 1, 6. 15, 11

συντέλεια 13, 15. 15, 15. 19, 7
σφραγίζω 17, 7. 18, 7

τάλας 7, 20
ταξιάρχης 3, (1.) 3. 4, 3. 15, 6. 16,

6. 17, (1.) 15 ταξίαρχος (4, 3.
15, 6. 17, 12)

τέμενος (12, 1)

τίμιος 5, 14. 6, 6

τοίνυν (2, 14. 11, 5. 12, 8. 15, 15)

τότε 4, 10. (13, 19.) 16, 1. (4.) 17, ’
10. 18, 7. 19, 2

τριάς 8, 10

τρίτος 5, 15

τρίχινος (6, 1) ,

ὕδωρ 3, 6. 10. cet.

υἱός 4, 9. cet. cf. πατήρ [5, 8]

ὑπάρχω (2, 7. 5, 7. 8.) 7, 7. (12, 5
15, 5.) ἐνυπάρχω 15, 14

δποστέγω 16, 11

 

 

