INDEX RERVM ET VERBORVM

εἰμί1,.,1025.12.,.86 9, 8,12,7.
18, 16. 19,6. cf. 6, 2, 5.

εἰς2, 9..17 3,11.‚.417.(9‚1)
10 (9)11 14,.,9193

εῖςοΐ, μιᾷ, μίαν

εἷσέρ ομα15, 7. 6, 6. 19, 3

ἐκ, 9ἐέ5, 15 (6 2.) 12, 10, 7. (11,

1)5,3,16, 2)
ἑκατονταπλασίονα (18, 3)
ἐκεῖ,έκε“ἰσε 3, 19. 4,17.11,16.19,1
ἐκκλησία-10, 13
ἐκφέρω 6, 2

ἐλεημοσύνη 7, 13

ἕλλην 2,7.3, 9.13.19, 5,3,8,9.9,10

ἐν3, 11. 8, 9. 14, 17.(17, 14.) 16
18, 12. 19, 4. 5

ἐνέργεια 18, 10

ἐξάκουστος 3,11

ἐξαρ χῆς1, 7. cf.10‚ 10

ἐξολοθ ρευτής 10, 14

ἐξολοθρεύω (114.) 12, 4

ἐξουδενόω (ἐξουθενέω) 8, 2. 9, 7. 1 1,16

ἑπάνω2,..,.,..,610576598 18

ἐπαοιδία 18, 10

ἐπί 9, 1. 10, 9. 14, 4

ἐπικαλέομαι 4, 8. 9. 14, 10, 18, 13

ἐπικατάρατος 10, 10

ἐπίστημι 2, 5. 4, 2

ἐπιστρέψω (4, 1)

ἑρπετόν 2, 3. 6. 10

ἑτοιμάζω 19, 7 η

εὖκτήριον 4, 17. 5, 6. (9.) 11. 8,18.
13,10.14, 9.19. 15,8.15. 16, 2

εὐλογέω (5, 2.) 18, 8. (15)

εὖλογητός (4, 5.) 13, 9

εὕρεσις 3, 10

εὖ χή,’2 14. 3, 2

Ἐφέσιος Mt. 20, 19. 21

’Ἔφεσος 1, 9

ἐχθρός8, 14. 9,14,12, 9. [13,18.]

ἔχιδνα 1, 11. 2, [1.] 3

ἔχω 2, 8. 9, 9

ἕως ἅν 6, 3. 8,4. 19, 1

ἡσυχία 7, 12
ἦχος (14, 16. ) 18, 3

θαῦμα(1, 5.) 3, 1.5. (17,13.) 18, 6
θέα15,2,6.16,5. 10.11

θεά 2, 8

θέλω (11, 1)

31

θεολόγος 1, 8.(9. 10)

θεός4, 12. 15. 7, 21. 8, [2,1.11.
05:122} (ἓῖ 11.) 16, 9

θεραπεύω 3,12. 19.4,7.8, 13.9,7.
ουσῖἐτῖἒων 9, 13. 10, 3. 12, 5

ἴαμα 1, 5. 3, 7. 10, 13

ἴασις 3, (11.) 13

Ἱεράπολις 1, 10. 2,15. 5, ῗ Me. ΕΠ,
19. 21, 2

Ιεραπολίτης Mt. 23, 26

Ἰησοῦς3, 14, 4,.1[19, 6]Μ1. '¹³31 11

ἰ’να 11, 6

Ιωάννης 18. 9. 12.(2,16. 17) Mt.
20, 17. 20. 22, 3

καθέζομαι 2, 9, 17. 5, *J

καλλώπισμα 7, 8. (9.) 14

κᾶν 12, 2

κασουδάριος 9, 6

κατάβασις 11, 8. 13, 7

καταποντίζω 11, 7. 12,
19. 19, 2

καταποντισμός 11, 13. 1:2³¹T 16

κελλίον (6, 6)

κεφαλή 10, 8. 12, 9. 16. 14, 16.
17, 9. 18, 1

κῆρυξ 2, 16

κηρύσσω 1, 7. 2, 13

κιλίκιον 6, 5

κοίμησις 3, 8

Κοῦφος 10, 8. 12, 11. Π, 6 Mt-
25, 23

κρατέω9, 2

κύκλῳ2, 4. 5, 6

κύριος3,4. 14. 4, 1. [3,115. 161
[15, 7.,]16 6. 7

111. 14. με...]

Λαοδίκεια 3, 15. 11, 101}st :1:5, ’Ξ

Λαοδικεύς 22, 13.- 23, 1ss

λαός 3, 2. 11, 10

λίθος 12, 10

λοιπόν 9, 8. 11,5. 8. 111, 6. 13,13.
14, 2.(15, 17)

Λυδια (10 10)

Λυκία 10, 10 Mt. 25, 25. 25 3

Λυκόκαπρος 10,7. 12,11. 1ss 6 'kft

μά 4, 5. 18, 14

