INDEX RERVM ET VERBORVM

Index est libri anonymi, adiectis e Metaphrasta nominibus propriiS. numeri
sunt paginarum et uersuum. uncinis ( ) inclusi quae in imis paginis adnotata ⁴
leguntur. item [J quae spuria uidebantur aut non satis certa.

ἀγγελικός (3, 1). 7, 11. 8, 7

ἄγγελος 10, 12

ἁγιάζω 18, 16 .

ἁγίασμα 9, 15. 10, 2. 11, 5. 6. 7.
12, 13. 19, 2

ἅγιος 2. 10. (15, 5)

ἄγριος 5, 13. 6, 1

ἀγρυπνία 6, 10. 7, 11

ἀκαθαρσία 7, 17. 13, 4

ἀκάθαρτος 1, 9. 2, 1. 3. 6. 18, 11

ἀκαταπαύστως 14, 9 ·

ἀκοντίζω 19, 5

ἀλλότριος 6, 13

ἀναλίσκω 2, 12

ἀναπλημμύνω 13, 1

ἀνδρόμηκον 17, 9

ἀντίζηλος (12, 1)

ἀντίχριστος 11, 3

ἀπαύστως 9, 11

ἄπιστος 8, 13

ἁπλῶς εἰπεῖν 2, 7

ἀπό6, 2. 8, 18. 9,3.11, 9.13,11.
14, 19. 15, 15. [16, 1]

ἀποκάλυψις [1. 1]

ἀπολέγω 15, 9

ἀποστάτης 11, 2

ἀπόστολος 1, 8. 2, 14. 3, 5. 8

ἀρνητής 10. 12

’Ἄρτεμις 1, 9. Mt. 20, 22

ἀρχάγγελος [1, 3.] (6, 14. 15, ’14)

ἀρχή 1,5. 7. 9, 14.10, 10. (18, 2)

Ἀρχίππας (1, 2. 5, 8. 8, 6)

’Ἄρχιππος [1, 2.] 5, 8. 8, 6. 13, 3.
14, 8. 15, 5. 12. 17, 11. 19, 3.
Mt. 23, 2624, 31. 25, 2. 7. 26,
13. 20. 23.27, 1. 6.22. 28, 2.4.

ἀρχιστράτηγος 1, 7. 3, 2. 4. 4, [3.]
10. 13. 16. 5, 1. [6,13.]8,12.
11, 11. 13, 6. 13. 17. 14, (8.)
17.15, 3. (6.) 10. 14.16. 16,(2.)
5. (6.) 7. 15.17, 1. (3.4.) 5.10.
12. 15. 18, 5. 14. 19, 4.

ἀσεβής 3, 15. 8, 17. 9, 4. 11, 9.
12.12, 9. 13, 16. (19)

ἄσκησις 7, 11. 8, 7

ἀσώματος 11, 11. 13, 13

ἀυπνία (6, 10)

ἄφνω 14, 10

ἄχρι 12, 7. 15

βακχεύω (3, 9) ⁴

βαπτίζω 3, 14. 4, 16

βλύζω 3, 6

βοηθέω 4, 13. (15.) 7, 21 ‚
βόρβορος 7, 8. 12, 1

βούλομαι 3, 17. 9,14. 11, 1

βροτός 16, 13 .

βρυχάομαι 14,6. 15, 11. 19, 6
βρύχω 3,9. 5, 3.8,15.(15,11.19, 6)

γομνάζω 6, 12
γόμνωσις 7, 9. 10

Δαυίδ Mt. 25, 18

δεῖγμα 17, 16

διά 6, 6

διάβολος 10, 10. 12, 13. 13, 4
δίδωμι 18, 1

- διήγησις [1, 1]

διώκτης 10, 13

δοκιμάζω 10, 1

δοξάζω 8,7.9, 10.13, 9

δουλεύω 5, 10

δοῦλος τοῦ θεοῦ 6, 10. 11. 8, 6. 16.
9,8. 13, 3. 14, 8. 18.15, 4.12.
16, 1. 17, 10. 18, 4. 19, 2

δράκων 2, 4. 6

δοσωπέω (13, 9)

δωρεά 1, 5. 3,1. 7,·6

ἐθέλω 8, 14. (11, 1)
εἷδωλοθύτης 3,15. 9, 9.11, 4. 13, 4
εἰδωλολάτρης (9, 9. 13, 4)

ει μή 7, [8.] 15

